version 2
run General-0-20220110-16:57:41-1186
attr configname General
attr datetime 20220110-16:57:41
attr experiment General
attr inifile tictocFinal.ini
attr iterationvars ""
attr iterationvarsf ""
attr measurement ""
attr network tictocFinal
attr processid 1186
attr repetition 0
attr replication #0
attr resultdir results
attr runnumber 0
attr seedset 0

vector 0 tictocFinal.node5 "" ETV
vector 1 tictocFinal.node5 e2Delay ETV
vector 2 tictocFinal.node4 "" ETV
vector 3 tictocFinal.node4 e2Delay ETV
0	3	0.054022933687	0
0	11	0.282625081793	0
0	17	0.451625081793	0
0	27	0.799625081793	0
0	31	1.180625081793	0
0	45	1.805761176674	0
0	47	1.873427843341	0
0	63	2.520427843341	0
0	107	3.853800202115	0
0	123	4.537800202116	0
0	161	6.440427843341	3
0	189	8.074133535449	0
0	193	8.296094510008	0
0	214	9.025427843341	0
0	223	9.256427843341	0
0	233	9.893466868783	1
0	235	9.946800202116	0
0	237	10.107800202116	0
0	245	10.955466868783	0
0	259	11.685761176674	0
0	309	13.36313353545	0
0	319	13.901094510007	0
0	325	14.157800202116	1
0	329	14.18313353545	1
0	395	17.477800202116	1
0	401	17.863094510007	0
0	403	18.067800202116	0
0	425	19.006094510007	0
0	433	19.150094510007	1
0	449	20.070094510007	0
0	451	20.09142784334	0
0	467	20.41542784334	0
0	485	20.834133535449	0
0	497	21.125761176673	0
0	501	21.182133535449	1
0	503	21.260800202116	0
0	515	21.595133535449	0
0	549	22.881466868782	0
0	553	23.069466868782	0
0	575	24.13942784334	0
0	583	24.344133535449	1
0	603	25.040094510007	0
0	607	25.196800202116	0
0	619	25.569094510006	2
0	621	25.586466868783	0
0	627	25.700466868783	0
0	639	26.327427843339	0
0	643	26.408466868783	1
0	677	27.011427843339	0
0	685	27.267133535449	1
0	693	27.435800202115	1
0	707	28.252466868782	0
0	729	29.234094510006	1
0	733	29.31942784334	1
0	737	29.437761176673	0
0	739	29.450133535449	0
0	751	29.617800202116	0
0	755	29.708133535449	0
0	771	30.34442784334	0
0	777	30.524133535449	1
0	785	31.350761176673	0
0	795	31.907466868783	2
0	801	32.18013353545	2
0	805	32.22213353545	1
0	841	34.340761176673	3
0	865	34.79742784334	0
0	871	35.073094510007	0
0	893	35.931094510007	1
0	903	36.132800202117	0
0	929	37.597094510007	0
0	941	37.812466868784	0
0	943	37.89942784334	0
0	965	38.610800202117	0
0	971	38.838800202117	0
0	977	38.89142784334	0
0	983	39.069800202117	0
0	1002	39.87613353545	0
0	1017	40.456094510006	1
0	1045	41.666800202117	0
0	1051	41.827466868783	1
0	1057	41.938094510006	1
0	1093	43.527466868783	0
0	1095	43.591800202116	0
0	1157	47.690761176672	1
0	1175	48.638427843339	0
0	1207	50.938466868782	1
0	1225	51.832800202115	0
0	1249	52.620427843339	0
0	1257	53.093094510006	0
0	1259	53.223466868782	0
0	1277	53.781133535449	0
0	1289	54.145427843339	0
0	1299	54.272427843339	0
0	1309	54.712466868783	1
0	1311	54.898761176672	0
0	1319	55.15013353545	0
0	1323	55.19013353545	0
0	1347	57.175427843338	1
0	1349	57.427427843338	0
0	1351	57.50113353545	0
0	1363	58.074761176672	1
0	1419	60.00013353545	0
0	1433	60.311427843338	1
0	1459	61.502094510004	1
0	1473	61.889427843338	1
0	1475	61.93413353545	0
0	1479	62.179761176671	0
0	1485	62.461427843338	0
0	1489	62.50513353545	0
0	1505	64.166094510005	0
0	1509	64.231094510005	0
0	1515	64.302427843339	1
0	1555	66.041094510005	1
0	1583	66.963761176671	1
0	1591	67.409094510004	0
0	1623	68.655427843337	0
0	1629	68.77976117667	0
0	1651	69.29176117667	0
0	1655	69.37076117667	0
0	1661	69.537427843337	0
0	1701	71.408094510003	1
0	1707	71.54076117667	0
0	1717	71.862427843337	0
0	1763	74.70276117667	0
0	1773	75.107427843337	0
0	1861	78.542466868784	1
0	1887	79.310094510003	1
0	1911	80.266466868784	0
0	1913	80.312761176669	1
0	1923	80.865094510002	0
0	1927	80.971427843335	0
0	1935	81.160133535451	0
0	1949	82.021133535451	0
0	1951	82.040800202118	0
0	2059	87.011466868784	1
0	2091	89.174133535451	0
0	2155	91.672761176669	1
0	2167	91.968094510002	0
0	2207	93.60313353545	3
0	2219	93.905094510002	0
0	2227	94.229800202117	0
0	2233	94.584800202117	0
0	2241	94.981427843335	0
0	2245	95.101094510002	0
0	2251	95.636761176669	0
0	2269	96.194761176669	0
0	2275	96.524800202117	0
0	2285	97.305761176669	0
0	2317	98.796094510002	0
0	2321	99.09713353545	0
0	2331	99.41113353545	0
0	2363	100.524094510002	2
0	2381	101.137761176669	0
0	2389	101.259094510003	1
0	2393	101.714466868784	1
0	2409	102.249800202117	0
0	2471	105.43013353545	0
0	2473	105.656094510003	1
0	2487	106.363427843336	0
0	2497	107.084427843336	0
0	2531	107.969094510002	1
0	2565	109.591761176669	0
0	2597	110.904094510002	0
0	2617	112.168094510002	1
0	2621	112.594094510002	0
0	2623	112.66413353545	1
0	2643	113.333466868784	1
0	2649	113.789094510002	0
0	2663	114.43013353545	1
0	2669	114.725094510002	0
0	2683	115.081761176669	0
0	2705	116.264466868783	0
0	2712	116.473133535449	1
0	2715	116.523761176669	2
0	2735	117.708427843335	1
0	2773	118.714427843335	1
0	2789	119.603133535449	0
0	2795	119.754427843335	1
0	2799	119.809094510001	1
0	2817	120.37913353545	2
0	2901	124.546761176668	1
0	2913	124.757427843334	1
0	2939	125.70013353545	0
0	2975	127.457761176667	0
0	2983	127.612427843333	1
0	2997	127.89513353545	0
0	3009	128.546427843333	0
0	3045	130.03613353545	1
0	3051	130.208427843333	0
0	3079	130.989761176666	1
0	3129	133.12909451	1
0	3131	133.28709451	0
0	3169	135.185466868784	1
0	3179	135.570800202117	0
0	3187	135.760800202117	0
0	3203	136.256466868784	0
0	3225	137.43109451	1
0	3267	139.434800202117	0
0	3283	140.665427843333	0
0	3295	141.07413353545	0
0	3301	141.208466868783	0
0	3361	143.91413353545	0
0	3379	144.845800202117	0
0	3383	145.236761176667	1
0	3393	145.485761176667	2
0	3395	145.597427843334	1
0	3409	146.209094510001	0
0	3417	146.731427843334	1
0	3421	146.836427843334	0
0	3431	147.584427843334	0
0	3461	148.42413353545	0
0	3473	149.365466868784	2
0	3481	149.545466868784	0
0	3491	150.287427843334	2
0	3493	150.555466868784	1
0	3495	150.828761176667	0
0	3503	151.30709451	0
0	3511	151.647466868784	0
0	3525	152.217761176666	1
0	3531	152.269427843333	0
0	3533	152.394133535451	2
0	3537	152.592466868784	0
0	3539	152.74709451	0
0	3541	152.796133535451	0
0	3563	153.624427843333	0
0	3569	154.008466868784	0
0	3603	155.878427843333	0
0	3623	156.659800202118	1
0	3627	156.836133535451	0
0	3643	157.276133535451	1
0	3661	157.952133535451	0
0	3683	159.096466868784	1
0	3739	162.968800202117	0
0	3751	163.397466868784	0
0	3769	164.206466868785	2
0	3779	164.687466868784	2
0	3787	164.868800202117	0
0	3789	164.903761176665	3
0	3797	165.222800202117	0
0	3799	165.414094509998	0
0	3801	165.464094509998	2
0	3805	165.889094509998	1
0	3809	166.236761176665	0
0	3815	166.426800202117	1
0	3817	166.480466868784	0
0	3833	167.028800202117	0
0	3841	167.296094509998	0
0	3871	168.697427843331	1
0	3881	169.154427843331	0
0	3933	171.109761176665	1
0	3993	173.305761176665	3
0	4005	174.289761176665	1
0	4013	174.906800202117	1
0	4029	175.418466868784	0
0	4051	176.491761176665	2
0	4053	176.556761176665	0
0	4059	176.708466868784	0
0	4107	179.395800202117	0
0	4123	180.43913353545	0
0	4129	180.71913353545	1
0	4143	181.399427843332	0
0	4175	183.00613353545	0
0	4177	183.029761176665	0
0	4183	183.138094509998	0
0	4185	183.346466868783	0
0	4219	185.104094509998	1
0	4243	186.041427843332	1
0	4255	186.718466868783	2
0	4257	186.926761176666	1
0	4259	187.000800202116	0
0	4263	187.029133535449	0
0	4333	189.377466868782	0
0	4347	190.050800202115	0
0	4351	190.068761176665	4
0	4367	190.964133535448	0
0	4373	191.218133535448	0
0	4385	191.975761176665	0
0	4387	191.992094509998	0
0	4433	193.809466868782	1
0	4455	194.499466868782	0
0	4485	195.592133535449	0
0	4489	195.725427843332	1
0	4509	196.488466868782	0
0	4527	197.266094509999	0
0	4555	198.497427843333	1
0	4561	198.739800202116	1
0	4589	200.173133535449	0
0	4593	200.19709451	0
0	4599	200.593427843333	0
0	4629	201.702800202116	0
0	4691	203.873800202116	0
0	4707	204.392761176667	1
0	4719	205.501466868783	1
0	4729	205.923466868783	0
0	4737	206.420094510001	1
0	4739	206.543094510001	0
0	4743	206.83013353545	0
0	4745	206.990466868783	0
0	4755	207.234466868783	1
0	4849	211.801761176667	1
0	4853	211.872761176667	0
0	4867	212.600466868783	1
0	4871	213.231466868783	0
0	4913	215.298800202117	3
0	4943	217.246761176666	2
0	4951	217.469427843332	1
0	4955	217.77313353545	0
0	4963	217.893094509999	0
0	4969	218.190466868783	0
0	4973	218.486761176666	0
0	4975	218.58413353545	0
0	4995	219.338800202116	1
0	5001	219.499427843333	0
0	5005	219.738761176666	2
0	5027	220.956800202116	0
0	5033	221.087094509999	0
0	5041	221.439466868783	0
0	5045	221.855094509999	0
0	5057	222.635427843332	0
0	5075	223.608466868783	0
0	5079	223.728466868783	0
0	5093	224.463427843332	0
0	5095	224.495761176665	0
0	5103	224.946094509998	0
0	5111	225.555800202117	1
0	5193	229.368466868783	1
0	5221	230.606800202116	0
0	5285	234.654800202116	3
0	5289	234.691133535449	0
0	5295	235.070800202116	0
0	5311	236.222094509999	2
0	5315	236.616761176666	2
0	5319	236.663800202116	0
0	5345	237.629466868783	2
0	5349	237.67613353545	1
0	5353	237.760094509999	0
0	5369	238.64313353545	0
0	5405	240.832094509999	0
0	5415	241.043800202116	1
0	5443	241.979094509999	2
0	5445	242.024800202116	1
0	5455	242.358427843333	1
0	5475	243.14509451	0
0	5515	244.619800202116	0
0	5533	245.315466868783	0
0	5581	247.588427843334	1
0	5589	248.439466868783	1
0	5609	249.870800202116	0
0	5659	251.841427843334	0
0	5667	252.077427843334	1
0	5675	252.378800202116	1
0	5691	253.225466868782	1
0	5695	253.406761176667	0
0	5713	254.218800202115	0
0	5737	255.24109451	0
0	5745	255.482133535448	0
0	5759	256.678761176667	0
0	5763	256.88409451	0
0	5799	258.11109451	2
0	5843	260.154133535448	0
0	5867	260.98409451	0
0	5869	261.165133535448	0
0	5891	261.979427843334	3
0	5901	262.354133535448	0
0	5905	262.364094510001	0
0	5921	262.925761176668	0
0	5939	264.036094510001	0
0	5947	264.26209451	2
0	5973	265.48009451	2
0	5977	265.79709451	0
0	5991	266.062427843333	1
0	6005	266.563761176666	0
0	6011	266.727761176666	0
0	6017	267.392761176666	0
0	6027	267.881133535447	2
0	6031	267.954094509999	0
0	6037	268.215800202113	1
0	6065	269.410427843332	0
0	6073	269.72146686878	0
0	6083	270.054427843332	0
0	6109	271.394761176665	0
0	6120	271.745761176665	0
0	6125	271.884133535448	3
0	6161	273.405094509998	0
0	6177	274.028466868781	0
0	6197	274.980800202114	0
0	6209	275.530133535447	0
0	6219	275.978800202113	1
0	6269	278.409800202113	0
0	6275	278.605094509998	1
0	6287	278.882133535446	0
0	6335	280.496133535446	0
0	6339	280.735466868779	0
0	6345	281.074094509998	2
0	6383	282.969466868779	0
0	6399	284.167094509998	0
0	6405	284.906427843331	0
0	6413	285.143094509998	0
0	6427	285.903094509998	1
0	6439	286.440761176665	0
0	6447	286.939427843332	0
0	6451	286.969466868779	0
0	6471	288.586133535445	1
0	6475	288.736466868778	0
0	6479	289.060094509999	0
0	6499	289.829094509999	0
0	6551	291.805133535444	1
0	6585	293.046094509999	0
0	6587	293.169133535444	1
0	6677	296.733094509999	1
0	6693	297.659427843332	0
0	6699	298.036761176665	0
0	6711	298.596133535444	0
0	6725	299.380761176665	1
0	6729	299.856133535444	1
0	6733	299.918427843332	0
0	6739	300.074133535444	1
0	6743	300.252427843332	0
0	6747	300.400800202111	0
0	6759	300.824800202111	0
0	6761	300.920800202111	0
0	6769	301.565761176665	1
0	6787	302.410133535445	1
0	6827	303.890466868778	0
0	6875	306.116133535445	0
0	6887	306.576094509998	0
0	6889	306.752761176665	0
0	6901	307.112761176665	2
0	6903	307.158427843332	0
0	6925	308.221094509998	1
0	6937	308.791094509998	0
0	6939	308.813427843331	0
0	6968	310.642133535445	1
0	6979	310.875761176664	0
0	6995	311.694466868778	0
0	7025	314.204761176664	1
0	7039	314.747466868778	0
0	7053	314.992800202111	1
0	7071	316.158133535444	0
0	7095	317.594094509998	1
0	7097	317.656466868777	0
0	7099	317.706466868777	0
0	7111	317.791800202109	3
0	7143	319.120761176665	0
0	7151	319.278761176665	1
0	7157	319.353094509998	0
0	7161	319.383427843331	0
0	7165	319.776466868775	1
0	7171	319.945466868774	2
0	7191	320.524466868774	0
0	7209	321.067427843331	1
0	7231	322.335427843331	0
0	7259	323.31713353544	1
0	7275	323.901427843331	1
0	7285	324.32113353544	1
0	7289	324.509800202107	0
0	7293	324.553427843331	0
0	7309	325.168466868773	1
0	7313	325.34713353544	0
0	7319	325.46213353544	0
0	7351	326.610800202107	0
0	7377	327.77213353544	0
0	7385	328.440466868773	0
0	7393	328.64113353544	0
0	7397	328.821427843331	1
0	7407	329.624761176664	0
0	7441	331.398761176664	1
0	7443	331.453427843331	0
0	7469	332.769427843331	0
0	7497	333.709800202107	0
0	7499	333.82213353544	0
0	7501	334.31813353544	1
0	7509	334.711466868773	0
0	7525	335.286800202107	1
0	7565	337.40713353544	0
0	7582	337.943466868773	0
0	7591	338.269466868773	1
0	7595	338.34013353544	0
0	7605	338.812427843331	0
0	7609	338.945761176664	0
0	7617	339.315800202107	0
0	7633	339.760427843331	0
0	7635	339.79513353544	0
0	7643	339.968466868773	0
0	7653	340.666427843331	1
0	7671	341.150800202106	0
0	7683	341.485133535439	0
0	7695	342.254094509998	0
0	7723	343.692466868772	0
0	7735	344.239094509998	0
0	7757	345.026800202105	0
0	7765	345.190800202105	0
0	7771	345.305800202105	0
0	7793	345.906761176665	1
0	7833	347.474133535438	0
0	7845	348.007466868771	0
0	7849	348.082761176665	1
0	7857	348.296800202104	1
0	7859	348.332133535437	0
0	7871	349.103761176665	0
0	7875	349.433094509998	0
0	7879	349.558427843331	0
0	7905	350.219427843331	0
0	7909	350.369800202104	0
0	7929	350.95846686877	1
0	7933	351.293800202103	1
0	7935	351.308761176665	1
0	7941	351.798800202103	0
0	7957	352.70546686877	0
0	7973	353.36946686877	0
0	7995	354.215133535437	0
0	8015	354.898427843332	0
0	8025	355.058800202104	1
0	8059	356.717133535437	0
0	8063	357.225133535437	0
0	8067	357.508133535437	0
0	8075	357.677427843331	2
0	8083	358.148761176664	0
0	8091	358.834133535437	1
0	8115	360.44046686877	0
0	8119	360.82746686877	0
0	8121	360.95546686877	0
0	8123	361.03742784333	1
0	8127	361.29842784333	1
0	8129	361.42146686877	0
0	8149	362.59342784333	0
0	8157	363.09746686877	0
0	8205	365.219761176663	0
0	8215	365.52146686877	0
0	8231	366.166094509996	0
0	8273	367.950761176662	1
0	8279	368.239427843328	1
0	8299	368.818094509994	1
0	8305	368.897094509994	1
0	8313	369.213427843327	0
0	8325	369.742800202104	1
0	8327	369.89676117666	0
0	8351	370.76576117666	0
0	8357	370.951800202104	0
0	8371	372.057800202104	0
0	8415	373.622800202104	0
0	8423	373.933427843327	0
0	8427	374.050800202104	1
0	8461	375.561133535437	0
0	8467	375.644133535437	0
0	8489	376.464094509995	3
0	8511	377.398133535437	0
0	8513	377.531800202104	0
0	8517	377.591427843328	0
0	8527	377.836094509995	0
0	8551	378.672466868771	0
0	8567	379.330094509995	1
0	8569	379.621427843328	0
0	8573	379.688427843328	0
0	8597	380.739427843328	0
0	8599	381.011761176661	0
0	8605	381.272761176661	2
0	8631	382.274427843328	0
0	8643	382.600761176661	2
0	8649	382.771094509994	0
0	8651	382.819761176661	0
0	8677	383.745094509994	0
0	8697	384.781133535437	1
0	8701	384.894427843328	2
0	8731	385.743133535437	1
0	8781	389.047133535437	0
0	8791	389.790761176661	0
0	8803	390.267427843328	0
0	8805	390.28546686877	0
0	8809	390.597094509995	0
0	8827	391.530094509995	2
0	8829	391.541800202103	0
0	8831	391.689094509995	0
0	8857	392.920094509995	0
0	8865	393.132094509995	0
0	8899	394.765800202103	0
0	8907	395.155133535436	0
0	8931	396.239466868769	0
0	8937	396.346133535436	0
0	8945	396.514800202102	1
0	8975	398.269800202102	0
0	8997	399.224133535435	0
0	9013	399.861094509995	2
0	9017	400.029466868769	1
0	9027	400.872427843328	0
0	9067	402.858133535436	0
0	9087	403.380427843328	0
0	9089	403.795800202103	0
0	9095	404.025761176661	0
0	9099	404.12746686877	0
0	9123	405.197094509994	0
0	9125	405.560761176661	0
0	9129	405.634427843328	0
0	9133	405.77746686877	0
0	9157	406.701761176661	0
0	9175	407.767800202103	0
0	9179	408.004800202103	0
0	9183	408.188761176661	1
0	9209	409.219466868769	1
0	9227	409.822427843328	1
0	9233	410.142466868769	0
0	9237	410.181133535435	1
0	9251	410.659761176662	1
0	9287	411.815761176662	1
0	9299	412.540133535435	0
0	9301	412.566094509995	0
0	9307	413.019094509995	1
0	9329	413.885094509995	0
0	9347	414.581094509995	0
0	9389	416.324133535435	1
0	9397	416.759761176661	1
0	9417	417.883761176661	0
0	9425	418.246800202102	0
0	9431	418.925094509994	0
0	9441	419.034761176661	0
0	9465	420.054133535435	0
0	9481	421.037761176661	0
0	9483	421.307800202102	0
0	9502	422.214427843327	1
0	9509	422.503466868769	0
0	9523	422.827761176661	1
0	9535	423.168761176661	2
0	9539	423.305427843328	0
0	9549	423.707466868769	0
0	9551	423.925761176661	0
0	9575	426.046427843328	0
0	9591	426.809761176661	0
0	9595	427.032466868769	0
0	9619	428.915094509994	0
0	9627	429.184466868769	0
0	9633	429.469427843327	0
0	9643	430.387427843327	0
0	9645	430.568133535436	0
0	9669	431.841094509994	0
0	9687	432.873800202103	0
0	9695	433.156133535436	0
0	9731	434.44776117666	1
0	9759	435.410800202102	1
0	9777	436.16376117666	1
0	9797	437.084133535436	1
0	9815	437.811094509993	0
0	9839	438.586094509992	2
0	9845	439.081094509992	0
0	9855	439.241466868769	0
0	9879	440.208800202102	0
0	9889	440.599800202102	0
0	9895	440.734094509992	2
0	9951	443.135133535435	0
0	9963	443.669133535435	0
0	9971	444.159427843326	3
0	9973	444.219466868768	0
0	10007	445.564133535435	0
0	10009	445.615427843326	1
0	10011	445.771800202102	0
0	10033	446.936466868768	1
0	10055	447.650800202101	1
0	10073	448.462094509993	0
0	10081	448.735427843326	1
0	10095	449.164800202101	1
0	10109	449.703133535434	0
0	10133	451.016466868767	0
0	10174	452.8528002021	0
0	10209	455.269094509993	0
0	10221	455.619466868768	3
0	10223	455.686800202101	0
0	10313	460.302133535435	1
0	10323	461.249761176659	1
0	10333	461.542761176659	0
0	10335	461.568427843326	0
0	10347	461.876466868768	0
0	10367	462.666466868768	0
0	10381	462.960427843326	1
0	10389	463.246133535435	0
0	10403	463.886094509993	0
0	10415	464.24776117666	0
0	10423	464.659133535435	2
0	10425	464.740427843327	0
0	10429	464.805761176661	1
0	10443	465.144427843328	0
0	10447	465.240133535435	0
0	10461	465.748427843327	2
0	10481	466.512133535435	2
0	10485	466.680800202102	0
0	10499	467.120133535435	0
0	10539	468.272094509994	0
0	10548	468.688133535435	0
0	10555	468.804133535435	1
0	10561	469.032761176661	0
0	10565	469.072761176661	1
0	10571	469.176800202102	0
0	10577	469.376133535435	0
0	10611	470.780133535435	0
0	10645	471.897800202102	1
0	10677	473.637133535435	0
0	10685	474.204800202102	0
0	10687	474.237427843327	1
0	10691	474.292133535436	1
0	10701	474.451133535436	0
0	10709	474.859133535436	0
0	10713	475.082761176661	1
0	10719	475.208466868769	1
0	10741	475.809761176661	0
0	10751	476.129466868769	0
0	10761	476.585761176661	1
0	10767	476.851761176661	2
0	10769	476.936800202102	0
0	10781	478.002133535435	0
0	10783	478.072761176661	0
0	10821	479.886427843328	0
0	10841	480.751466868768	0
0	10873	481.960466868768	2
0	10895	483.228761176661	0
0	10897	483.292761176661	1
0	10903	483.401427843328	0
0	10935	485.287133535435	0
0	10941	485.601427843328	1
0	10957	486.703133535435	0
0	10961	486.840761176662	1
0	10999	488.631800202102	0
0	11003	488.785466868769	0
0	11039	490.054427843329	0
0	11045	490.107466868769	0
0	11055	490.625761176663	1
0	11077	491.060133535436	0
0	11099	491.586800202102	1
0	11103	491.688094509996	0
0	11117	492.477094509996	0
0	11135	493.355761176663	0
0	11145	494.07442784333	0
0	11147	494.577094509997	0
0	11157	494.875094509997	2
0	11159	495.006800202102	0
0	11171	495.998466868769	0
0	11179	496.250133535436	0
0	11181	496.269800202103	0
0	11201	497.537133535436	0
0	11211	497.657094509997	0
0	11225	498.151133535436	0
0	11229	498.440133535436	0
0	11239	499.285094509997	3
0	11255	499.960466868769	0
0	11271	500.739094509997	0
0	11273	500.818800202102	2
0	11305	501.871800202102	0
0	11309	502.118133535435	0
0	11329	503.454094509997	2
0	11361	505.343133535435	0
0	11447	509.228466868769	1
0	11459	509.650466868769	0
0	11507	512.328466868769	0
1	3	0.054022933687	0.054022933687
1	11	0.282625081793	0.282625081793
1	17	0.451625081793	0.451625081793
1	27	0.799625081793	0.799625081793
1	31	1.180625081793	1.180625081793
1	45	1.805761176674	1.805761176674
1	47	1.873427843341	1.873427843341
1	63	2.520427843341	2.520427843341
1	107	3.853800202115	3.853800202115
1	123	4.537800202116	4.537800202116
1	161	6.440427843341	6.440427843341
1	189	8.074133535449	8.074133535449
1	193	8.296094510008	8.296094510008
1	214	9.025427843341	9.025427843341
1	223	9.256427843341	9.256427843341
1	233	9.893466868783	9.893466868783
1	235	9.946800202116	9.946800202116
1	237	10.107800202116	10.107800202116
1	245	10.955466868783	10.955466868783
1	259	11.685761176674	11.685761176674
1	309	13.36313353545	13.36313353545
1	319	13.901094510007	13.901094510007
1	325	14.157800202116	14.157800202116
1	329	14.18313353545	14.18313353545
1	395	17.477800202116	17.477800202116
1	401	17.863094510007	17.863094510007
1	403	18.067800202116	18.067800202116
1	425	19.006094510007	19.006094510007
1	433	19.150094510007	19.150094510007
1	449	20.070094510007	20.070094510007
1	451	20.09142784334	20.09142784334
1	467	20.41542784334	20.41542784334
1	485	20.834133535449	20.834133535449
1	497	21.125761176673	21.125761176673
1	501	21.182133535449	21.182133535449
1	503	21.260800202116	21.260800202116
1	515	21.595133535449	21.595133535449
1	549	22.881466868782	22.881466868782
1	553	23.069466868782	23.069466868782
1	575	24.13942784334	24.13942784334
1	583	24.344133535449	24.344133535449
1	603	25.040094510007	25.040094510007
1	607	25.196800202116	25.196800202116
1	619	25.569094510006	25.569094510006
1	621	25.586466868783	25.586466868783
1	627	25.700466868783	25.700466868783
1	639	26.327427843339	26.327427843339
1	643	26.408466868783	26.408466868783
1	677	27.011427843339	27.011427843339
1	685	27.267133535449	27.267133535449
1	693	27.435800202115	27.435800202115
1	707	28.252466868782	28.252466868782
1	729	29.234094510006	29.234094510006
1	733	29.31942784334	29.31942784334
1	737	29.437761176673	29.437761176673
1	739	29.450133535449	29.450133535449
1	751	29.617800202116	29.617800202116
1	755	29.708133535449	29.708133535449
1	771	30.34442784334	30.34442784334
1	777	30.524133535449	30.524133535449
1	785	31.350761176673	31.350761176673
1	795	31.907466868783	31.907466868783
1	801	32.18013353545	32.18013353545
1	805	32.22213353545	32.22213353545
1	841	34.340761176673	34.340761176673
1	865	34.79742784334	34.79742784334
1	871	35.073094510007	35.073094510007
1	893	35.931094510007	35.931094510007
1	903	36.132800202117	36.132800202117
1	929	37.597094510007	37.597094510007
1	941	37.812466868784	37.812466868784
1	943	37.89942784334	37.89942784334
1	965	38.610800202117	38.610800202117
1	971	38.838800202117	38.838800202117
1	977	38.89142784334	38.89142784334
1	983	39.069800202117	39.069800202117
1	1002	39.87613353545	39.87613353545
1	1017	40.456094510006	40.456094510006
1	1045	41.666800202117	41.666800202117
1	1051	41.827466868783	41.827466868783
1	1057	41.938094510006	41.938094510006
1	1093	43.527466868783	43.527466868783
1	1095	43.591800202116	43.591800202116
1	1157	47.690761176672	47.690761176672
1	1175	48.638427843339	48.638427843339
1	1207	50.938466868782	50.938466868782
1	1225	51.832800202115	51.832800202115
1	1249	52.620427843339	52.620427843339
1	1257	53.093094510006	53.093094510006
1	1259	53.223466868782	53.223466868782
1	1277	53.781133535449	53.781133535449
1	1289	54.145427843339	54.145427843339
1	1299	54.272427843339	54.272427843339
1	1309	54.712466868783	54.712466868783
1	1311	54.898761176672	54.898761176672
1	1319	55.15013353545	55.15013353545
1	1323	55.19013353545	55.19013353545
1	1347	57.175427843338	57.175427843338
1	1349	57.427427843338	57.427427843338
1	1351	57.50113353545	57.50113353545
1	1363	58.074761176672	58.074761176672
1	1419	60.00013353545	60.00013353545
1	1433	60.311427843338	60.311427843338
1	1459	61.502094510004	61.502094510004
1	1473	61.889427843338	61.889427843338
1	1475	61.93413353545	61.93413353545
1	1479	62.179761176671	62.179761176671
1	1485	62.461427843338	62.461427843338
1	1489	62.50513353545	62.50513353545
1	1505	64.166094510005	64.166094510005
1	1509	64.231094510005	64.231094510005
1	1515	64.302427843339	64.302427843339
1	1555	66.041094510005	66.041094510005
1	1583	66.963761176671	66.963761176671
1	1591	67.409094510004	67.409094510004
1	1623	68.655427843337	68.655427843337
1	1629	68.77976117667	68.77976117667
1	1651	69.29176117667	69.29176117667
1	1655	69.37076117667	69.37076117667
1	1661	69.537427843337	69.537427843337
1	1701	71.408094510003	71.408094510003
1	1707	71.54076117667	71.54076117667
1	1717	71.862427843337	71.862427843337
1	1763	74.70276117667	74.70276117667
1	1773	75.107427843337	75.107427843337
1	1861	78.542466868784	78.542466868784
1	1887	79.310094510003	79.310094510003
1	1911	80.266466868784	80.266466868784
1	1913	80.312761176669	80.312761176669
1	1923	80.865094510002	80.865094510002
1	1927	80.971427843335	80.971427843335
1	1935	81.160133535451	81.160133535451
1	1949	82.021133535451	82.021133535451
1	1951	82.040800202118	82.040800202118
1	2059	87.011466868784	87.011466868784
1	2091	89.174133535451	89.174133535451
1	2155	91.672761176669	91.672761176669
1	2167	91.968094510002	91.968094510002
1	2207	93.60313353545	93.60313353545
1	2219	93.905094510002	93.905094510002
1	2227	94.229800202117	94.229800202117
1	2233	94.584800202117	94.584800202117
1	2241	94.981427843335	94.981427843335
1	2245	95.101094510002	95.101094510002
1	2251	95.636761176669	95.636761176669
1	2269	96.194761176669	96.194761176669
1	2275	96.524800202117	96.524800202117
1	2285	97.305761176669	97.305761176669
1	2317	98.796094510002	98.796094510002
1	2321	99.09713353545	99.09713353545
1	2331	99.41113353545	99.41113353545
1	2363	100.524094510002	100.52409451
1	2381	101.137761176669	101.13776117667
1	2389	101.259094510003	101.25909451
1	2393	101.714466868784	101.71446686878
1	2409	102.249800202117	102.24980020212
1	2471	105.43013353545	105.43013353545
1	2473	105.656094510003	105.65609451
1	2487	106.363427843336	106.36342784334
1	2497	107.084427843336	107.08442784334
1	2531	107.969094510002	107.96909451
1	2565	109.591761176669	109.59176117667
1	2597	110.904094510002	110.90409451
1	2617	112.168094510002	112.16809451
1	2621	112.594094510002	112.59409451
1	2623	112.66413353545	112.66413353545
1	2643	113.333466868784	113.33346686878
1	2649	113.789094510002	113.78909451
1	2663	114.43013353545	114.43013353545
1	2669	114.725094510002	114.72509451
1	2683	115.081761176669	115.08176117667
1	2705	116.264466868783	116.26446686878
1	2712	116.473133535449	116.47313353545
1	2715	116.523761176669	116.52376117667
1	2735	117.708427843335	117.70842784334
1	2773	118.714427843335	118.71442784334
1	2789	119.603133535449	119.60313353545
1	2795	119.754427843335	119.75442784333
1	2799	119.809094510001	119.80909451
1	2817	120.37913353545	120.37913353545
1	2901	124.546761176668	124.54676117667
1	2913	124.757427843334	124.75742784333
1	2939	125.70013353545	125.70013353545
1	2975	127.457761176667	127.45776117667
1	2983	127.612427843333	127.61242784333
1	2997	127.89513353545	127.89513353545
1	3009	128.546427843333	128.54642784333
1	3045	130.03613353545	130.03613353545
1	3051	130.208427843333	130.20842784333
1	3079	130.989761176666	130.98976117667
1	3129	133.12909451	133.12909451
1	3131	133.28709451	133.28709451
1	3169	135.185466868784	135.18546686878
1	3179	135.570800202117	135.57080020212
1	3187	135.760800202117	135.76080020212
1	3203	136.256466868784	136.25646686878
1	3225	137.43109451	137.43109451
1	3267	139.434800202117	139.43480020212
1	3283	140.665427843333	140.66542784333
1	3295	141.07413353545	141.07413353545
1	3301	141.208466868783	141.20846686878
1	3361	143.91413353545	143.91413353545
1	3379	144.845800202117	144.84580020212
1	3383	145.236761176667	145.23676117667
1	3393	145.485761176667	145.48576117667
1	3395	145.597427843334	145.59742784333
1	3409	146.209094510001	146.20909451
1	3417	146.731427843334	146.73142784333
1	3421	146.836427843334	146.83642784333
1	3431	147.584427843334	147.58442784333
1	3461	148.42413353545	148.42413353545
1	3473	149.365466868784	149.36546686878
1	3481	149.545466868784	149.54546686878
1	3491	150.287427843334	150.28742784333
1	3493	150.555466868784	150.55546686878
1	3495	150.828761176667	150.82876117667
1	3503	151.30709451	151.30709451
1	3511	151.647466868784	151.64746686878
1	3525	152.217761176666	152.21776117667
1	3531	152.269427843333	152.26942784333
1	3533	152.394133535451	152.39413353545
1	3537	152.592466868784	152.59246686878
1	3539	152.74709451	152.74709451
1	3541	152.796133535451	152.79613353545
1	3563	153.624427843333	153.62442784333
1	3569	154.008466868784	154.00846686878
1	3603	155.878427843333	155.87842784333
1	3623	156.659800202118	156.65980020212
1	3627	156.836133535451	156.83613353545
1	3643	157.276133535451	157.27613353545
1	3661	157.952133535451	157.95213353545
1	3683	159.096466868784	159.09646686878
1	3739	162.968800202117	162.96880020212
1	3751	163.397466868784	163.39746686878
1	3769	164.206466868785	164.20646686878
1	3779	164.687466868784	164.68746686878
1	3787	164.868800202117	164.86880020212
1	3789	164.903761176665	164.90376117667
1	3797	165.222800202117	165.22280020212
1	3799	165.414094509998	165.41409451
1	3801	165.464094509998	165.46409451
1	3805	165.889094509998	165.88909451
1	3809	166.236761176665	166.23676117666
1	3815	166.426800202117	166.42680020212
1	3817	166.480466868784	166.48046686878
1	3833	167.028800202117	167.02880020212
1	3841	167.296094509998	167.29609451
1	3871	168.697427843331	168.69742784333
1	3881	169.154427843331	169.15442784333
1	3933	171.109761176665	171.10976117666
1	3993	173.305761176665	173.30576117666
1	4005	174.289761176665	174.28976117666
1	4013	174.906800202117	174.90680020212
1	4029	175.418466868784	175.41846686878
1	4051	176.491761176665	176.49176117666
1	4053	176.556761176665	176.55676117666
1	4059	176.708466868784	176.70846686878
1	4107	179.395800202117	179.39580020212
1	4123	180.43913353545	180.43913353545
1	4129	180.71913353545	180.71913353545
1	4143	181.399427843332	181.39942784333
1	4175	183.00613353545	183.00613353545
1	4177	183.029761176665	183.02976117667
1	4183	183.138094509998	183.13809451
1	4185	183.346466868783	183.34646686878
1	4219	185.104094509998	185.10409451
1	4243	186.041427843332	186.04142784333
1	4255	186.718466868783	186.71846686878
1	4257	186.926761176666	186.92676117667
1	4259	187.000800202116	187.00080020212
1	4263	187.029133535449	187.02913353545
1	4333	189.377466868782	189.37746686878
1	4347	190.050800202115	190.05080020211
1	4351	190.068761176665	190.06876117666
1	4367	190.964133535448	190.96413353545
1	4373	191.218133535448	191.21813353545
1	4385	191.975761176665	191.97576117667
1	4387	191.992094509998	191.99209451
1	4433	193.809466868782	193.80946686878
1	4455	194.499466868782	194.49946686878
1	4485	195.592133535449	195.59213353545
1	4489	195.725427843332	195.72542784333
1	4509	196.488466868782	196.48846686878
1	4527	197.266094509999	197.26609451
1	4555	198.497427843333	198.49742784333
1	4561	198.739800202116	198.73980020212
1	4589	200.173133535449	200.17313353545
1	4593	200.19709451	200.19709451
1	4599	200.593427843333	200.59342784333
1	4629	201.702800202116	201.70280020212
1	4691	203.873800202116	203.87380020212
1	4707	204.392761176667	204.39276117667
1	4719	205.501466868783	205.50146686878
1	4729	205.923466868783	205.92346686878
1	4737	206.420094510001	206.42009451
1	4739	206.543094510001	206.54309451
1	4743	206.83013353545	206.83013353545
1	4745	206.990466868783	206.99046686878
1	4755	207.234466868783	207.23446686878
1	4849	211.801761176667	211.80176117667
1	4853	211.872761176667	211.87276117667
1	4867	212.600466868783	212.60046686878
1	4871	213.231466868783	213.23146686878
1	4913	215.298800202117	215.29880020212
1	4943	217.246761176666	217.24676117667
1	4951	217.469427843332	217.46942784333
1	4955	217.77313353545	217.77313353545
1	4963	217.893094509999	217.89309451
1	4969	218.190466868783	218.19046686878
1	4973	218.486761176666	218.48676117667
1	4975	218.58413353545	218.58413353545
1	4995	219.338800202116	219.33880020212
1	5001	219.499427843333	219.49942784333
1	5005	219.738761176666	219.73876117667
1	5027	220.956800202116	220.95680020212
1	5033	221.087094509999	221.08709451
1	5041	221.439466868783	221.43946686878
1	5045	221.855094509999	221.85509451
1	5057	222.635427843332	222.63542784333
1	5075	223.608466868783	223.60846686878
1	5079	223.728466868783	223.72846686878
1	5093	224.463427843332	224.46342784333
1	5095	224.495761176665	224.49576117666
1	5103	224.946094509998	224.94609451
1	5111	225.555800202117	225.55580020212
1	5193	229.368466868783	229.36846686878
1	5221	230.606800202116	230.60680020212
1	5285	234.654800202116	234.65480020212
1	5289	234.691133535449	234.69113353545
1	5295	235.070800202116	235.07080020212
1	5311	236.222094509999	236.22209451
1	5315	236.616761176666	236.61676117667
1	5319	236.663800202116	236.66380020212
1	5345	237.629466868783	237.62946686878
1	5349	237.67613353545	237.67613353545
1	5353	237.760094509999	237.76009451
1	5369	238.64313353545	238.64313353545
1	5405	240.832094509999	240.83209451
1	5415	241.043800202116	241.04380020212
1	5443	241.979094509999	241.97909451
1	5445	242.024800202116	242.02480020212
1	5455	242.358427843333	242.35842784333
1	5475	243.14509451	243.14509451
1	5515	244.619800202116	244.61980020212
1	5533	245.315466868783	245.31546686878
1	5581	247.588427843334	247.58842784333
1	5589	248.439466868783	248.43946686878
1	5609	249.870800202116	249.87080020212
1	5659	251.841427843334	251.84142784333
1	5667	252.077427843334	252.07742784333
1	5675	252.378800202116	252.37880020212
1	5691	253.225466868782	253.22546686878
1	5695	253.406761176667	253.40676117667
1	5713	254.218800202115	254.21880020212
1	5737	255.24109451	255.24109451
1	5745	255.482133535448	255.48213353545
1	5759	256.678761176667	256.67876117667
1	5763	256.88409451	256.88409451
1	5799	258.11109451	258.11109451
1	5843	260.154133535448	260.15413353545
1	5867	260.98409451	260.98409451
1	5869	261.165133535448	261.16513353545
1	5891	261.979427843334	261.97942784333
1	5901	262.354133535448	262.35413353545
1	5905	262.364094510001	262.36409451
1	5921	262.925761176668	262.92576117667
1	5939	264.036094510001	264.03609451
1	5947	264.26209451	264.26209451
1	5973	265.48009451	265.48009451
1	5977	265.79709451	265.79709451
1	5991	266.062427843333	266.06242784333
1	6005	266.563761176666	266.56376117667
1	6011	266.727761176666	266.72776117667
1	6017	267.392761176666	267.39276117667
1	6027	267.881133535447	267.88113353545
1	6031	267.954094509999	267.95409451
1	6037	268.215800202113	268.21580020211
1	6065	269.410427843332	269.41042784333
1	6073	269.72146686878	269.72146686878
1	6083	270.054427843332	270.05442784333
1	6109	271.394761176665	271.39476117666
1	6120	271.745761176665	271.74576117666
1	6125	271.884133535448	271.88413353545
1	6161	273.405094509998	273.40509451
1	6177	274.028466868781	274.02846686878
1	6197	274.980800202114	274.98080020211
1	6209	275.530133535447	275.53013353545
1	6219	275.978800202113	275.97880020211
1	6269	278.409800202113	278.40980020211
1	6275	278.605094509998	278.60509451
1	6287	278.882133535446	278.88213353545
1	6335	280.496133535446	280.49613353545
1	6339	280.735466868779	280.73546686878
1	6345	281.074094509998	281.07409451
1	6383	282.969466868779	282.96946686878
1	6399	284.167094509998	284.16709451
1	6405	284.906427843331	284.90642784333
1	6413	285.143094509998	285.14309451
1	6427	285.903094509998	285.90309451
1	6439	286.440761176665	286.44076117666
1	6447	286.939427843332	286.93942784333
1	6451	286.969466868779	286.96946686878
1	6471	288.586133535445	288.58613353545
1	6475	288.736466868778	288.73646686878
1	6479	289.060094509999	289.06009451
1	6499	289.829094509999	289.82909451
1	6551	291.805133535444	291.80513353544
1	6585	293.046094509999	293.04609451
1	6587	293.169133535444	293.16913353544
1	6677	296.733094509999	296.73309451
1	6693	297.659427843332	297.65942784333
1	6699	298.036761176665	298.03676117666
1	6711	298.596133535444	298.59613353544
1	6725	299.380761176665	299.38076117666
1	6729	299.856133535444	299.85613353544
1	6733	299.918427843332	299.91842784333
1	6739	300.074133535444	300.07413353544
1	6743	300.252427843332	300.25242784333
1	6747	300.400800202111	300.40080020211
1	6759	300.824800202111	300.82480020211
1	6761	300.920800202111	300.92080020211
1	6769	301.565761176665	301.56576117666
1	6787	302.410133535445	302.41013353544
1	6827	303.890466868778	303.89046686878
1	6875	306.116133535445	306.11613353544
1	6887	306.576094509998	306.57609451
1	6889	306.752761176665	306.75276117666
1	6901	307.112761176665	307.11276117667
1	6903	307.158427843332	307.15842784333
1	6925	308.221094509998	308.22109451
1	6937	308.791094509998	308.79109451
1	6939	308.813427843331	308.81342784333
1	6968	310.642133535445	310.64213353544
1	6979	310.875761176664	310.87576117666
1	6995	311.694466868778	311.69446686878
1	7025	314.204761176664	314.20476117666
1	7039	314.747466868778	314.74746686878
1	7053	314.992800202111	314.99280020211
1	7071	316.158133535444	316.15813353544
1	7095	317.594094509998	317.59409451
1	7097	317.656466868777	317.65646686878
1	7099	317.706466868777	317.70646686878
1	7111	317.791800202109	317.79180020211
1	7143	319.120761176665	319.12076117666
1	7151	319.278761176665	319.27876117667
1	7157	319.353094509998	319.35309451
1	7161	319.383427843331	319.38342784333
1	7165	319.776466868775	319.77646686878
1	7171	319.945466868774	319.94546686877
1	7191	320.524466868774	320.52446686877
1	7209	321.067427843331	321.06742784333
1	7231	322.335427843331	322.33542784333
1	7259	323.31713353544	323.31713353544
1	7275	323.901427843331	323.90142784333
1	7285	324.32113353544	324.32113353544
1	7289	324.509800202107	324.50980020211
1	7293	324.553427843331	324.55342784333
1	7309	325.168466868773	325.16846686877
1	7313	325.34713353544	325.34713353544
1	7319	325.46213353544	325.46213353544
1	7351	326.610800202107	326.61080020211
1	7377	327.77213353544	327.77213353544
1	7385	328.440466868773	328.44046686877
1	7393	328.64113353544	328.64113353544
1	7397	328.821427843331	328.82142784333
1	7407	329.624761176664	329.62476117666
1	7441	331.398761176664	331.39876117666
1	7443	331.453427843331	331.45342784333
1	7469	332.769427843331	332.76942784333
1	7497	333.709800202107	333.70980020211
1	7499	333.82213353544	333.82213353544
1	7501	334.31813353544	334.31813353544
1	7509	334.711466868773	334.71146686877
1	7525	335.286800202107	335.28680020211
1	7565	337.40713353544	337.40713353544
1	7582	337.943466868773	337.94346686877
1	7591	338.269466868773	338.26946686877
1	7595	338.34013353544	338.34013353544
1	7605	338.812427843331	338.81242784333
1	7609	338.945761176664	338.94576117666
1	7617	339.315800202107	339.31580020211
1	7633	339.760427843331	339.76042784333
1	7635	339.79513353544	339.79513353544
1	7643	339.968466868773	339.96846686877
1	7653	340.666427843331	340.66642784333
1	7671	341.150800202106	341.15080020211
1	7683	341.485133535439	341.48513353544
1	7695	342.254094509998	342.25409451
1	7723	343.692466868772	343.69246686877
1	7735	344.239094509998	344.23909451
1	7757	345.026800202105	345.0268002021
1	7765	345.190800202105	345.1908002021
1	7771	345.305800202105	345.3058002021
1	7793	345.906761176665	345.90676117666
1	7833	347.474133535438	347.47413353544
1	7845	348.007466868771	348.00746686877
1	7849	348.082761176665	348.08276117666
1	7857	348.296800202104	348.2968002021
1	7859	348.332133535437	348.33213353544
1	7871	349.103761176665	349.10376117666
1	7875	349.433094509998	349.43309451
1	7879	349.558427843331	349.55842784333
1	7905	350.219427843331	350.21942784333
1	7909	350.369800202104	350.3698002021
1	7929	350.95846686877	350.95846686877
1	7933	351.293800202103	351.2938002021
1	7935	351.308761176665	351.30876117666
1	7941	351.798800202103	351.7988002021
1	7957	352.70546686877	352.70546686877
1	7973	353.36946686877	353.36946686877
1	7995	354.215133535437	354.21513353544
1	8015	354.898427843332	354.89842784333
1	8025	355.058800202104	355.0588002021
1	8059	356.717133535437	356.71713353544
1	8063	357.225133535437	357.22513353544
1	8067	357.508133535437	357.50813353544
1	8075	357.677427843331	357.67742784333
1	8083	358.148761176664	358.14876117666
1	8091	358.834133535437	358.83413353544
1	8115	360.44046686877	360.44046686877
1	8119	360.82746686877	360.82746686877
1	8121	360.95546686877	360.95546686877
1	8123	361.03742784333	361.03742784333
1	8127	361.29842784333	361.29842784333
1	8129	361.42146686877	361.42146686877
1	8149	362.59342784333	362.59342784333
1	8157	363.09746686877	363.09746686877
1	8205	365.219761176663	365.21976117666
1	8215	365.52146686877	365.52146686877
1	8231	366.166094509996	366.16609451
1	8273	367.950761176662	367.95076117666
1	8279	368.239427843328	368.23942784333
1	8299	368.818094509994	368.81809450999
1	8305	368.897094509994	368.89709450999
1	8313	369.213427843327	369.21342784333
1	8325	369.742800202104	369.7428002021
1	8327	369.89676117666	369.89676117666
1	8351	370.76576117666	370.76576117666
1	8357	370.951800202104	370.9518002021
1	8371	372.057800202104	372.0578002021
1	8415	373.622800202104	373.6228002021
1	8423	373.933427843327	373.93342784333
1	8427	374.050800202104	374.0508002021
1	8461	375.561133535437	375.56113353544
1	8467	375.644133535437	375.64413353544
1	8489	376.464094509995	376.46409450999
1	8511	377.398133535437	377.39813353544
1	8513	377.531800202104	377.5318002021
1	8517	377.591427843328	377.59142784333
1	8527	377.836094509995	377.83609451
1	8551	378.672466868771	378.67246686877
1	8567	379.330094509995	379.33009450999
1	8569	379.621427843328	379.62142784333
1	8573	379.688427843328	379.68842784333
1	8597	380.739427843328	380.73942784333
1	8599	381.011761176661	381.01176117666
1	8605	381.272761176661	381.27276117666
1	8631	382.274427843328	382.27442784333
1	8643	382.600761176661	382.60076117666
1	8649	382.771094509994	382.77109450999
1	8651	382.819761176661	382.81976117666
1	8677	383.745094509994	383.74509450999
1	8697	384.781133535437	384.78113353544
1	8701	384.894427843328	384.89442784333
1	8731	385.743133535437	385.74313353544
1	8781	389.047133535437	389.04713353544
1	8791	389.790761176661	389.79076117666
1	8803	390.267427843328	390.26742784333
1	8805	390.28546686877	390.28546686877
1	8809	390.597094509995	390.59709450999
1	8827	391.530094509995	391.53009450999
1	8829	391.541800202103	391.5418002021
1	8831	391.689094509995	391.68909451
1	8857	392.920094509995	392.92009451
1	8865	393.132094509995	393.13209450999
1	8899	394.765800202103	394.7658002021
1	8907	395.155133535436	395.15513353544
1	8931	396.239466868769	396.23946686877
1	8937	396.346133535436	396.34613353544
1	8945	396.514800202102	396.5148002021
1	8975	398.269800202102	398.2698002021
1	8997	399.224133535435	399.22413353543
1	9013	399.861094509995	399.86109450999
1	9017	400.029466868769	400.02946686877
1	9027	400.872427843328	400.87242784333
1	9067	402.858133535436	402.85813353544
1	9087	403.380427843328	403.38042784333
1	9089	403.795800202103	403.7958002021
1	9095	404.025761176661	404.02576117666
1	9099	404.12746686877	404.12746686877
1	9123	405.197094509994	405.19709450999
1	9125	405.560761176661	405.56076117666
1	9129	405.634427843328	405.63442784333
1	9133	405.77746686877	405.77746686877
1	9157	406.701761176661	406.70176117666
1	9175	407.767800202103	407.7678002021
1	9179	408.004800202103	408.0048002021
1	9183	408.188761176661	408.18876117666
1	9209	409.219466868769	409.21946686877
1	9227	409.822427843328	409.82242784333
1	9233	410.142466868769	410.14246686877
1	9237	410.181133535435	410.18113353543
1	9251	410.659761176662	410.65976117666
1	9287	411.815761176662	411.81576117666
1	9299	412.540133535435	412.54013353544
1	9301	412.566094509995	412.56609450999
1	9307	413.019094509995	413.01909450999
1	9329	413.885094509995	413.88509450999
1	9347	414.581094509995	414.58109451
1	9389	416.324133535435	416.32413353544
1	9397	416.759761176661	416.75976117666
1	9417	417.883761176661	417.88376117666
1	9425	418.246800202102	418.2468002021
1	9431	418.925094509994	418.92509450999
1	9441	419.034761176661	419.03476117666
1	9465	420.054133535435	420.05413353543
1	9481	421.037761176661	421.03776117666
1	9483	421.307800202102	421.3078002021
1	9502	422.214427843327	422.21442784333
1	9509	422.503466868769	422.50346686877
1	9523	422.827761176661	422.82776117666
1	9535	423.168761176661	423.16876117666
1	9539	423.305427843328	423.30542784333
1	9549	423.707466868769	423.70746686877
1	9551	423.925761176661	423.92576117666
1	9575	426.046427843328	426.04642784333
1	9591	426.809761176661	426.80976117666
1	9595	427.032466868769	427.03246686877
1	9619	428.915094509994	428.91509450999
1	9627	429.184466868769	429.18446686877
1	9633	429.469427843327	429.46942784333
1	9643	430.387427843327	430.38742784333
1	9645	430.568133535436	430.56813353544
1	9669	431.841094509994	431.84109450999
1	9687	432.873800202103	432.8738002021
1	9695	433.156133535436	433.15613353544
1	9731	434.44776117666	434.44776117666
1	9759	435.410800202102	435.4108002021
1	9777	436.16376117666	436.16376117666
1	9797	437.084133535436	437.08413353544
1	9815	437.811094509993	437.81109450999
1	9839	438.586094509992	438.58609450999
1	9845	439.081094509992	439.08109450999
1	9855	439.241466868769	439.24146686877
1	9879	440.208800202102	440.2088002021
1	9889	440.599800202102	440.5998002021
1	9895	440.734094509992	440.73409450999
1	9951	443.135133535435	443.13513353543
1	9963	443.669133535435	443.66913353543
1	9971	444.159427843326	444.15942784333
1	9973	444.219466868768	444.21946686877
1	10007	445.564133535435	445.56413353544
1	10009	445.615427843326	445.61542784333
1	10011	445.771800202102	445.7718002021
1	10033	446.936466868768	446.93646686877
1	10055	447.650800202101	447.6508002021
1	10073	448.462094509993	448.46209450999
1	10081	448.735427843326	448.73542784333
1	10095	449.164800202101	449.1648002021
1	10109	449.703133535434	449.70313353543
1	10133	451.016466868767	451.01646686877
1	10174	452.8528002021	452.8528002021
1	10209	455.269094509993	455.26909450999
1	10221	455.619466868768	455.61946686877
1	10223	455.686800202101	455.6868002021
1	10313	460.302133535435	460.30213353544
1	10323	461.249761176659	461.24976117666
1	10333	461.542761176659	461.54276117666
1	10335	461.568427843326	461.56842784333
1	10347	461.876466868768	461.87646686877
1	10367	462.666466868768	462.66646686877
1	10381	462.960427843326	462.96042784333
1	10389	463.246133535435	463.24613353543
1	10403	463.886094509993	463.88609450999
1	10415	464.24776117666	464.24776117666
1	10423	464.659133535435	464.65913353543
1	10425	464.740427843327	464.74042784333
1	10429	464.805761176661	464.80576117666
1	10443	465.144427843328	465.14442784333
1	10447	465.240133535435	465.24013353544
1	10461	465.748427843327	465.74842784333
1	10481	466.512133535435	466.51213353543
1	10485	466.680800202102	466.6808002021
1	10499	467.120133535435	467.12013353544
1	10539	468.272094509994	468.27209450999
1	10548	468.688133535435	468.68813353543
1	10555	468.804133535435	468.80413353543
1	10561	469.032761176661	469.03276117666
1	10565	469.072761176661	469.07276117666
1	10571	469.176800202102	469.1768002021
1	10577	469.376133535435	469.37613353543
1	10611	470.780133535435	470.78013353543
1	10645	471.897800202102	471.8978002021
1	10677	473.637133535435	473.63713353543
1	10685	474.204800202102	474.2048002021
1	10687	474.237427843327	474.23742784333
1	10691	474.292133535436	474.29213353544
1	10701	474.451133535436	474.45113353544
1	10709	474.859133535436	474.85913353544
1	10713	475.082761176661	475.08276117666
1	10719	475.208466868769	475.20846686877
1	10741	475.809761176661	475.80976117666
1	10751	476.129466868769	476.12946686877
1	10761	476.585761176661	476.58576117666
1	10767	476.851761176661	476.85176117666
1	10769	476.936800202102	476.9368002021
1	10781	478.002133535435	478.00213353544
1	10783	478.072761176661	478.07276117666
1	10821	479.886427843328	479.88642784333
1	10841	480.751466868768	480.75146686877
1	10873	481.960466868768	481.96046686877
1	10895	483.228761176661	483.22876117666
1	10897	483.292761176661	483.29276117666
1	10903	483.401427843328	483.40142784333
1	10935	485.287133535435	485.28713353543
1	10941	485.601427843328	485.60142784333
1	10957	486.703133535435	486.70313353543
1	10961	486.840761176662	486.84076117666
1	10999	488.631800202102	488.6318002021
1	11003	488.785466868769	488.78546686877
1	11039	490.054427843329	490.05442784333
1	11045	490.107466868769	490.10746686877
1	11055	490.625761176663	490.62576117666
1	11077	491.060133535436	491.06013353544
1	11099	491.586800202102	491.5868002021
1	11103	491.688094509996	491.68809451
1	11117	492.477094509996	492.47709451
1	11135	493.355761176663	493.35576117666
1	11145	494.07442784333	494.07442784333
1	11147	494.577094509997	494.57709451
1	11157	494.875094509997	494.87509451
1	11159	495.006800202102	495.0068002021
1	11171	495.998466868769	495.99846686877
1	11179	496.250133535436	496.25013353544
1	11181	496.269800202103	496.2698002021
1	11201	497.537133535436	497.53713353544
1	11211	497.657094509997	497.65709451
1	11225	498.151133535436	498.15113353544
1	11229	498.440133535436	498.44013353544
1	11239	499.285094509997	499.28509451
1	11255	499.960466868769	499.96046686877
1	11271	500.739094509997	500.73909451
1	11273	500.818800202102	500.8188002021
1	11305	501.871800202102	501.8718002021
1	11309	502.118133535435	502.11813353543
1	11329	503.454094509997	503.45409451
1	11361	505.343133535435	505.34313353544
1	11447	509.228466868769	509.22846686877
1	11459	509.650466868769	509.65046686877
1	11507	512.328466868769	512.32846686877
2	79	2.925435349451	0
2	81	2.939768682784	0
2	87	3.169102016117	0
2	93	3.325768682784	2
2	135	5.135435349451	0
2	175	6.971495062745	2
2	185	7.575376102252	0
2	247	11.063142395151	0
2	255	11.565809061818	0
2	283	12.104475728484	1
2	287	12.203475728484	0
2	331	14.323142395151	1
2	351	15.265142395151	0
2	361	15.665809061818	0
2	459	20.235809061817	2
2	465	20.336809061817	0
2	479	20.647809061817	0
2	521	21.92014239515	0
2	645	26.420809061816	1
2	671	26.881475728483	0
2	681	27.122475728483	0
2	743	29.457142395149	1
2	817	33.125809061816	0
2	821	33.310809061816	2
2	835	34.297142395149	0
2	837	34.321809061816	0
2	859	34.699475728483	0
2	915	36.64214239515	0
2	955	38.309475728483	0
2	1011	40.29914239515	0
2	1047	41.70114239515	0
2	1069	42.296142395149	2
2	1079	43.173475728482	2
2	1133	46.171142395149	0
2	1143	46.581809061816	0
2	1159	47.756475728483	0
2	1195	49.961475728483	0
2	1253	52.908142395149	1
2	1281	53.877142395149	0
2	1325	55.237142395149	0
2	1341	56.817142395149	0
2	1399	59.341809061816	1
2	1425	60.112475728483	0
2	1429	60.234809061816	0
2	1431	60.258475728483	2
2	1437	60.346809061816	0
2	1503	63.756809061816	4
2	1523	64.974142395149	0
2	1553	66.029475728482	0
2	1595	67.591809061815	0
2	1641	68.973809061816	2
2	1671	70.401475728483	0
2	1681	70.685809061816	0
2	1695	71.296142395149	0
2	1699	71.378809061815	2
2	1725	72.265142395148	0
2	1731	72.662809061815	0
2	1737	72.933142395148	0
2	1741	73.238142395148	0
2	1783	75.285809061815	0
2	1835	77.389809061815	1
2	1863	78.682475728482	0
2	1867	78.948809061815	0
2	1885	79.290475728482	0
2	1899	79.748809061815	0
2	1957	82.526475728482	0
2	1999	84.977809061815	0
2	2073	88.100475728481	1
2	2077	88.312142395148	0
2	2087	88.752142395148	0
2	2115	90.207809061815	0
2	2149	91.509475728482	0
2	2153	91.639475728482	0
2	2265	96.106809061816	1
2	2267	96.143809061816	0
2	2301	98.408809061816	0
2	2377	100.900809061816	0
2	2453	104.088142395149	0
2	2511	107.460142395149	1
2	2535	108.414475728482	0
2	2547	108.862475728482	0
2	2555	109.065809061815	0
2	2591	110.870475728482	0
2	2601	110.952809061815	0
2	2627	112.795809061815	0
2	2631	112.843142395148	0
2	2741	117.812475728482	1
2	2765	118.414142395149	0
2	2777	118.925475728482	0
2	2811	120.253475728483	3
2	2815	120.301475728483	5
2	2849	121.560809061816	0
2	2855	121.953475728483	0
2	2859	122.020809061816	1
2	2871	122.911809061816	0
2	2923	125.277475728483	0
2	3021	129.027475728483	0
2	3077	130.958142395149	1
2	3101	132.381475728482	0
2	3329	142.695475728482	2
2	3335	142.881809061815	0
2	3423	146.906142395148	0
2	3425	146.997809061815	0
2	3469	149.055809061815	1
2	3471	149.093809061815	0
2	3663	157.973809061815	3
2	3679	158.927142395148	0
2	3721	161.052809061815	0
2	3723	161.438809061815	0
2	3727	161.885809061815	0
2	3743	163.020475728482	0
2	3745	163.346142395149	0
2	3839	167.249142395149	0
2	3897	169.701809061815	1
2	3925	170.769809061815	1
2	3983	172.668809061815	0
2	4011	174.605475728482	0
2	4019	175.063475728482	0
2	4105	179.383475728482	1
2	4133	180.975475728482	1
2	4265	187.070809061816	1
2	4267	187.191142395149	0
2	4279	187.824142395149	0
2	4291	188.076475728482	0
2	4325	189.199809061816	1
2	4379	191.65914239515	3
2	4399	192.634809061817	0
2	4469	194.94714239515	0
2	4497	195.984142395151	2
2	4529	197.427475728485	1
2	4543	197.917809061818	0
2	4563	198.788475728484	1
2	4573	199.443142395151	0
2	4581	199.663809061818	0
2	4621	201.547142395151	0
2	4631	201.763142395151	1
2	4648	202.067142395151	0
2	4703	204.228142395151	1
2	4709	204.659809061818	0
2	4721	205.765809061818	1
2	4819	210.321809061818	0
2	4829	210.797475728485	0
2	4861	212.331475728484	2
2	4901	214.877475728484	0
2	4903	214.934142395151	0
2	4905	214.948475728484	0
2	4923	216.054475728484	0
2	4977	218.603809061817	0
2	5031	221.033809061817	0
2	5055	222.62514239515	0
2	5159	227.58114239515	1
2	5185	228.871809061816	1
2	5247	232.599809061816	0
2	5265	233.862475728483	0
2	5277	234.222475728483	0
2	5281	234.403809061816	0
2	5301	235.140142395149	0
2	5323	236.693475728482	0
2	5331	236.820142395149	0
2	5357	237.988142395148	2
2	5411	240.908809061815	1
2	5425	241.439142395148	0
2	5453	242.291809061815	0
2	5513	244.608475728481	1
2	5549	245.949809061815	1
2	5555	246.086142395148	0
2	5567	246.568809061815	0
2	5573	246.915475728482	0
2	5755	256.368475728482	2
2	5815	258.995475728482	0
2	5823	259.461475728482	0
2	5825	259.495142395149	0
2	5889	261.929142395149	0
2	5911	262.489475728482	0
2	5997	266.249475728482	1
2	6039	268.306809061815	0
2	6045	268.495475728481	2
2	6051	269.073809061814	1
2	6079	269.944142395147	0
2	6085	270.134809061813	2
2	6101	271.00047572848	0
2	6129	272.003142395146	1
2	6173	273.922475728479	0
2	6185	274.461809061812	0
2	6191	274.839809061812	1
2	6201	275.074142395145	0
2	6301	279.246809061812	0
2	6419	285.474142395146	1
2	6425	285.665142395146	0
2	6493	289.60447572848	1
2	6519	290.379809061813	1
2	6535	291.113142395147	1
2	6577	292.632475728481	1
2	6649	295.680142395148	0
2	6669	296.232475728481	0
2	6695	297.776142395148	0
2	6697	298.011475728481	0
2	6775	301.699475728481	0
2	6797	302.884142395148	0
2	6825	303.776809061815	0
2	6855	305.365475728482	0
2	6877	306.180809061815	0
2	6883	306.337475728481	1
2	6891	306.839142395148	0
2	6905	307.313142395148	0
2	6941	308.851475728481	0
2	6951	309.192142395147	1
2	6989	311.47747572848	0
2	7001	312.204809061813	0
2	7009	312.672142395147	1
2	7123	318.478142395147	0
2	7201	320.720142395147	0
2	7207	321.033809061814	0
2	7211	321.141809061814	0
2	7281	324.195809061814	1
2	7321	325.687142395147	0
2	7349	326.460475728481	1
2	7363	326.891809061814	0
2	7371	327.513475728481	0
2	7413	329.935475728481	1
2	7429	330.829475728481	1
2	7457	332.492475728481	0
2	7551	336.359475728481	0
2	7577	337.858809061815	1
2	7581	337.940142395148	0
2	7593	338.318809061815	0
2	7715	343.266142395149	1
2	7717	343.328475728482	0
2	7721	343.681142395149	0
2	7749	344.711142395149	0
2	7809	346.709142395149	3
2	7827	347.319142395149	0
2	7861	348.455809061815	1
2	7895	350.053809061815	1
2	7937	351.437475728482	0
2	7945	352.022475728482	1
2	8141	362.226475728481	2
2	8153	362.712809061814	1
2	8211	365.492809061814	0
2	8251	367.167809061814	1
2	8321	369.533142395148	1
2	8343	370.495809061815	0
2	8349	370.653142395149	1
2	8359	371.311142395149	0
2	8409	373.505809061816	0
2	8487	376.455809061815	2
2	8537	378.385142395148	0
2	8548	378.587142395148	1
2	8653	382.870142395148	0
2	8657	382.977142395148	0
2	8673	383.454475728481	0
2	8721	385.517475728481	0
2	8727	385.629475728481	2
2	8755	387.390809061814	0
2	8859	392.96747572848	1
2	8863	393.04247572848	0
2	8903	395.065142395147	0
2	8909	395.23447572848	0
2	8963	397.83247572848	1
2	8965	397.84747572848	0
2	9049	401.860809061813	0
2	9051	401.988142395146	0
2	9131	405.738809061812	2
2	9201	409.121475728478	1
2	9207	409.180809061812	1
2	9253	410.732142395145	0
2	9261	411.101142395145	0
2	9273	411.402809061812	0
2	9297	412.070142395145	0
2	9383	416.183142395145	0
2	9443	419.162475728479	1
2	9471	420.419809061812	0
2	9479	420.987475728479	0
2	9485	421.367809061812	1
2	9495	422.085142395145	0
2	9497	422.188809061812	0
2	9537	423.221809061812	0
2	9545	423.613142395145	0
2	9625	429.171142395145	1
2	9655	431.183809061811	2
2	9679	432.216475728478	0
2	9685	432.628475728478	0
2	9743	434.698475728478	1
2	9763	435.540475728478	0
2	9769	435.639809061811	0
2	9805	437.431142395145	1
2	9813	437.776475728478	0
2	9859	439.343809061811	0
2	9861	439.371475728478	0
2	9887	440.580809061812	1
2	9893	440.644809061812	1
2	9933	442.491475728478	1
2	10173	452.851475728478	3
2	10183	453.486809061811	1
2	10203	455.172142395144	0
2	10271	458.669142395144	0
2	10275	458.897809061811	0
2	10299	459.933809061811	0
2	10355	462.240475728478	0
2	10437	464.930475728478	0
2	10491	466.892475728478	1
2	10537	468.155142395146	3
2	10547	468.685142395146	0
2	10559	468.899809061813	1
2	10615	470.871142395146	0
2	10619	470.997809061813	0
2	10657	472.80347572848	0
2	10669	473.512142395147	0
2	10681	474.005142395147	0
2	10715	475.092809061814	0
2	10749	476.064809061814	0
2	10763	476.676809061814	0
2	10779	477.876809061814	1
2	10849	481.203809061814	0
2	10881	482.312475728481	0
2	10889	482.972475728481	1
2	10907	483.619809061815	1
2	10915	483.719142395148	0
2	10917	484.288475728481	0
2	10931	485.062475728481	0
2	10953	486.226142395148	0
2	11057	490.648475728481	0
2	11067	490.929809061814	0
2	11073	491.018809061814	0
2	11079	491.075475728481	0
2	11081	491.141475728481	0
2	11115	492.452809061815	1
2	11143	493.970475728482	0
2	11253	499.935809061816	1
2	11307	501.992475728483	0
2	11351	505.115809061817	1
2	11393	506.81814239515	0
2	11495	511.86614239515	1
2	11497	511.974475728483	0
3	79	2.925435349451	2.925435349451
3	81	2.939768682784	2.939768682784
3	87	3.169102016117	3.169102016117
3	93	3.325768682784	3.325768682784
3	135	5.135435349451	5.135435349451
3	175	6.971495062745	6.971495062745
3	185	7.575376102252	7.575376102252
3	247	11.063142395151	11.063142395151
3	255	11.565809061818	11.565809061818
3	283	12.104475728484	12.104475728484
3	287	12.203475728484	12.203475728484
3	331	14.323142395151	14.323142395151
3	351	15.265142395151	15.265142395151
3	361	15.665809061818	15.665809061818
3	459	20.235809061817	20.235809061817
3	465	20.336809061817	20.336809061817
3	479	20.647809061817	20.647809061817
3	521	21.92014239515	21.92014239515
3	645	26.420809061816	26.420809061816
3	671	26.881475728483	26.881475728483
3	681	27.122475728483	27.122475728483
3	743	29.457142395149	29.457142395149
3	817	33.125809061816	33.125809061816
3	821	33.310809061816	33.310809061816
3	835	34.297142395149	34.297142395149
3	837	34.321809061816	34.321809061816
3	859	34.699475728483	34.699475728483
3	915	36.64214239515	36.64214239515
3	955	38.309475728483	38.309475728483
3	1011	40.29914239515	40.29914239515
3	1047	41.70114239515	41.70114239515
3	1069	42.296142395149	42.296142395149
3	1079	43.173475728482	43.173475728482
3	1133	46.171142395149	46.171142395149
3	1143	46.581809061816	46.581809061816
3	1159	47.756475728483	47.756475728483
3	1195	49.961475728483	49.961475728483
3	1253	52.908142395149	52.908142395149
3	1281	53.877142395149	53.877142395149
3	1325	55.237142395149	55.237142395149
3	1341	56.817142395149	56.817142395149
3	1399	59.341809061816	59.341809061816
3	1425	60.112475728483	60.112475728483
3	1429	60.234809061816	60.234809061816
3	1431	60.258475728483	60.258475728483
3	1437	60.346809061816	60.346809061816
3	1503	63.756809061816	63.756809061816
3	1523	64.974142395149	64.974142395149
3	1553	66.029475728482	66.029475728482
3	1595	67.591809061815	67.591809061815
3	1641	68.973809061816	68.973809061816
3	1671	70.401475728483	70.401475728483
3	1681	70.685809061816	70.685809061816
3	1695	71.296142395149	71.296142395149
3	1699	71.378809061815	71.378809061815
3	1725	72.265142395148	72.265142395148
3	1731	72.662809061815	72.662809061815
3	1737	72.933142395148	72.933142395148
3	1741	73.238142395148	73.238142395148
3	1783	75.285809061815	75.285809061815
3	1835	77.389809061815	77.389809061815
3	1863	78.682475728482	78.682475728482
3	1867	78.948809061815	78.948809061815
3	1885	79.290475728482	79.290475728482
3	1899	79.748809061815	79.748809061815
3	1957	82.526475728482	82.526475728482
3	1999	84.977809061815	84.977809061815
3	2073	88.100475728481	88.100475728481
3	2077	88.312142395148	88.312142395148
3	2087	88.752142395148	88.752142395148
3	2115	90.207809061815	90.207809061815
3	2149	91.509475728482	91.509475728482
3	2153	91.639475728482	91.639475728482
3	2265	96.106809061816	96.106809061816
3	2267	96.143809061816	96.143809061816
3	2301	98.408809061816	98.408809061816
3	2377	100.900809061816	100.90080906182
3	2453	104.088142395149	104.08814239515
3	2511	107.460142395149	107.46014239515
3	2535	108.414475728482	108.41447572848
3	2547	108.862475728482	108.86247572848
3	2555	109.065809061815	109.06580906182
3	2591	110.870475728482	110.87047572848
3	2601	110.952809061815	110.95280906182
3	2627	112.795809061815	112.79580906181
3	2631	112.843142395148	112.84314239515
3	2741	117.812475728482	117.81247572848
3	2765	118.414142395149	118.41414239515
3	2777	118.925475728482	118.92547572848
3	2811	120.253475728483	120.25347572848
3	2815	120.301475728483	120.30147572848
3	2849	121.560809061816	121.56080906182
3	2855	121.953475728483	121.95347572848
3	2859	122.020809061816	122.02080906182
3	2871	122.911809061816	122.91180906182
3	2923	125.277475728483	125.27747572848
3	3021	129.027475728483	129.02747572848
3	3077	130.958142395149	130.95814239515
3	3101	132.381475728482	132.38147572848
3	3329	142.695475728482	142.69547572848
3	3335	142.881809061815	142.88180906182
3	3423	146.906142395148	146.90614239515
3	3425	146.997809061815	146.99780906181
3	3469	149.055809061815	149.05580906181
3	3471	149.093809061815	149.09380906181
3	3663	157.973809061815	157.97380906181
3	3679	158.927142395148	158.92714239515
3	3721	161.052809061815	161.05280906181
3	3723	161.438809061815	161.43880906181
3	3727	161.885809061815	161.88580906181
3	3743	163.020475728482	163.02047572848
3	3745	163.346142395149	163.34614239515
3	3839	167.249142395149	167.24914239515
3	3897	169.701809061815	169.70180906181
3	3925	170.769809061815	170.76980906182
3	3983	172.668809061815	172.66880906181
3	4011	174.605475728482	174.60547572848
3	4019	175.063475728482	175.06347572848
3	4105	179.383475728482	179.38347572848
3	4133	180.975475728482	180.97547572848
3	4265	187.070809061816	187.07080906182
3	4267	187.191142395149	187.19114239515
3	4279	187.824142395149	187.82414239515
3	4291	188.076475728482	188.07647572848
3	4325	189.199809061816	189.19980906182
3	4379	191.65914239515	191.65914239515
3	4399	192.634809061817	192.63480906182
3	4469	194.94714239515	194.94714239515
3	4497	195.984142395151	195.98414239515
3	4529	197.427475728485	197.42747572849
3	4543	197.917809061818	197.91780906182
3	4563	198.788475728484	198.78847572848
3	4573	199.443142395151	199.44314239515
3	4581	199.663809061818	199.66380906182
3	4621	201.547142395151	201.54714239515
3	4631	201.763142395151	201.76314239515
3	4648	202.067142395151	202.06714239515
3	4703	204.228142395151	204.22814239515
3	4709	204.659809061818	204.65980906182
3	4721	205.765809061818	205.76580906182
3	4819	210.321809061818	210.32180906182
3	4829	210.797475728485	210.79747572848
3	4861	212.331475728484	212.33147572848
3	4901	214.877475728484	214.87747572848
3	4903	214.934142395151	214.93414239515
3	4905	214.948475728484	214.94847572848
3	4923	216.054475728484	216.05447572848
3	4977	218.603809061817	218.60380906182
3	5031	221.033809061817	221.03380906182
3	5055	222.62514239515	222.62514239515
3	5159	227.58114239515	227.58114239515
3	5185	228.871809061816	228.87180906182
3	5247	232.599809061816	232.59980906182
3	5265	233.862475728483	233.86247572848
3	5277	234.222475728483	234.22247572848
3	5281	234.403809061816	234.40380906182
3	5301	235.140142395149	235.14014239515
3	5323	236.693475728482	236.69347572848
3	5331	236.820142395149	236.82014239515
3	5357	237.988142395148	237.98814239515
3	5411	240.908809061815	240.90880906181
3	5425	241.439142395148	241.43914239515
3	5453	242.291809061815	242.29180906182
3	5513	244.608475728481	244.60847572848
3	5549	245.949809061815	245.94980906181
3	5555	246.086142395148	246.08614239515
3	5567	246.568809061815	246.56880906181
3	5573	246.915475728482	246.91547572848
3	5755	256.368475728482	256.36847572848
3	5815	258.995475728482	258.99547572848
3	5823	259.461475728482	259.46147572848
3	5825	259.495142395149	259.49514239515
3	5889	261.929142395149	261.92914239515
3	5911	262.489475728482	262.48947572848
3	5997	266.249475728482	266.24947572848
3	6039	268.306809061815	268.30680906181
3	6045	268.495475728481	268.49547572848
3	6051	269.073809061814	269.07380906181
3	6079	269.944142395147	269.94414239515
3	6085	270.134809061813	270.13480906181
3	6101	271.00047572848	271.00047572848
3	6129	272.003142395146	272.00314239515
3	6173	273.922475728479	273.92247572848
3	6185	274.461809061812	274.46180906181
3	6191	274.839809061812	274.83980906181
3	6201	275.074142395145	275.07414239514
3	6301	279.246809061812	279.24680906181
3	6419	285.474142395146	285.47414239515
3	6425	285.665142395146	285.66514239515
3	6493	289.60447572848	289.60447572848
3	6519	290.379809061813	290.37980906181
3	6535	291.113142395147	291.11314239515
3	6577	292.632475728481	292.63247572848
3	6649	295.680142395148	295.68014239515
3	6669	296.232475728481	296.23247572848
3	6695	297.776142395148	297.77614239515
3	6697	298.011475728481	298.01147572848
3	6775	301.699475728481	301.69947572848
3	6797	302.884142395148	302.88414239515
3	6825	303.776809061815	303.77680906182
3	6855	305.365475728482	305.36547572848
3	6877	306.180809061815	306.18080906182
3	6883	306.337475728481	306.33747572848
3	6891	306.839142395148	306.83914239515
3	6905	307.313142395148	307.31314239515
3	6941	308.851475728481	308.85147572848
3	6951	309.192142395147	309.19214239515
3	6989	311.47747572848	311.47747572848
3	7001	312.204809061813	312.20480906181
3	7009	312.672142395147	312.67214239515
3	7123	318.478142395147	318.47814239515
3	7201	320.720142395147	320.72014239515
3	7207	321.033809061814	321.03380906181
3	7211	321.141809061814	321.14180906181
3	7281	324.195809061814	324.19580906181
3	7321	325.687142395147	325.68714239515
3	7349	326.460475728481	326.46047572848
3	7363	326.891809061814	326.89180906181
3	7371	327.513475728481	327.51347572848
3	7413	329.935475728481	329.93547572848
3	7429	330.829475728481	330.82947572848
3	7457	332.492475728481	332.49247572848
3	7551	336.359475728481	336.35947572848
3	7577	337.858809061815	337.85880906182
3	7581	337.940142395148	337.94014239515
3	7593	338.318809061815	338.31880906181
3	7715	343.266142395149	343.26614239515
3	7717	343.328475728482	343.32847572848
3	7721	343.681142395149	343.68114239515
3	7749	344.711142395149	344.71114239515
3	7809	346.709142395149	346.70914239515
3	7827	347.319142395149	347.31914239515
3	7861	348.455809061815	348.45580906181
3	7895	350.053809061815	350.05380906182
3	7937	351.437475728482	351.43747572848
3	7945	352.022475728482	352.02247572848
3	8141	362.226475728481	362.22647572848
3	8153	362.712809061814	362.71280906181
3	8211	365.492809061814	365.49280906181
3	8251	367.167809061814	367.16780906181
3	8321	369.533142395148	369.53314239515
3	8343	370.495809061815	370.49580906182
3	8349	370.653142395149	370.65314239515
3	8359	371.311142395149	371.31114239515
3	8409	373.505809061816	373.50580906182
3	8487	376.455809061815	376.45580906181
3	8537	378.385142395148	378.38514239515
3	8548	378.587142395148	378.58714239515
3	8653	382.870142395148	382.87014239515
3	8657	382.977142395148	382.97714239515
3	8673	383.454475728481	383.45447572848
3	8721	385.517475728481	385.51747572848
3	8727	385.629475728481	385.62947572848
3	8755	387.390809061814	387.39080906181
3	8859	392.96747572848	392.96747572848
3	8863	393.04247572848	393.04247572848
3	8903	395.065142395147	395.06514239515
3	8909	395.23447572848	395.23447572848
3	8963	397.83247572848	397.83247572848
3	8965	397.84747572848	397.84747572848
3	9049	401.860809061813	401.86080906181
3	9051	401.988142395146	401.98814239515
3	9131	405.738809061812	405.73880906181
3	9201	409.121475728478	409.12147572848
3	9207	409.180809061812	409.18080906181
3	9253	410.732142395145	410.73214239514
3	9261	411.101142395145	411.10114239515
3	9273	411.402809061812	411.40280906181
3	9297	412.070142395145	412.07014239515
3	9383	416.183142395145	416.18314239515
3	9443	419.162475728479	419.16247572848
3	9471	420.419809061812	420.41980906181
3	9479	420.987475728479	420.98747572848
3	9485	421.367809061812	421.36780906181
3	9495	422.085142395145	422.08514239514
3	9497	422.188809061812	422.18880906181
3	9537	423.221809061812	423.22180906181
3	9545	423.613142395145	423.61314239515
3	9625	429.171142395145	429.17114239515
3	9655	431.183809061811	431.18380906181
3	9679	432.216475728478	432.21647572848
3	9685	432.628475728478	432.62847572848
3	9743	434.698475728478	434.69847572848
3	9763	435.540475728478	435.54047572848
3	9769	435.639809061811	435.63980906181
3	9805	437.431142395145	437.43114239515
3	9813	437.776475728478	437.77647572848
3	9859	439.343809061811	439.34380906181
3	9861	439.371475728478	439.37147572848
3	9887	440.580809061812	440.58080906181
3	9893	440.644809061812	440.64480906181
3	9933	442.491475728478	442.49147572848
3	10173	452.851475728478	452.85147572848
3	10183	453.486809061811	453.48680906181
3	10203	455.172142395144	455.17214239514
3	10271	458.669142395144	458.66914239514
3	10275	458.897809061811	458.89780906181
3	10299	459.933809061811	459.93380906181
3	10355	462.240475728478	462.24047572848
3	10437	464.930475728478	464.93047572848
3	10491	466.892475728478	466.89247572848
3	10537	468.155142395146	468.15514239515
3	10547	468.685142395146	468.68514239515
3	10559	468.899809061813	468.89980906181
3	10615	470.871142395146	470.87114239515
3	10619	470.997809061813	470.99780906181
3	10657	472.80347572848	472.80347572848
3	10669	473.512142395147	473.51214239515
3	10681	474.005142395147	474.00514239515
3	10715	475.092809061814	475.09280906181
3	10749	476.064809061814	476.06480906181
3	10763	476.676809061814	476.67680906181
3	10779	477.876809061814	477.87680906181
3	10849	481.203809061814	481.20380906181
3	10881	482.312475728481	482.31247572848
3	10889	482.972475728481	482.97247572848
3	10907	483.619809061815	483.61980906181
3	10915	483.719142395148	483.71914239515
3	10917	484.288475728481	484.28847572848
3	10931	485.062475728481	485.06247572848
3	10953	486.226142395148	486.22614239515
3	11057	490.648475728481	490.64847572848
3	11067	490.929809061814	490.92980906181
3	11073	491.018809061814	491.01880906181
3	11079	491.075475728481	491.07547572848
3	11081	491.141475728481	491.14147572848
3	11115	492.452809061815	492.45280906182
3	11143	493.970475728482	493.97047572848
3	11253	499.935809061816	499.93580906182
3	11307	501.992475728483	501.99247572848
3	11351	505.115809061817	505.11580906182
3	11393	506.81814239515	506.81814239515
3	11495	511.86614239515	511.86614239515
3	11497	511.974475728483	511.97447572848

